1927767033
1804652088
1739558531
6665178967
6211289411
5707121154
5898312312
7203278585
5854720114
1786084134
5439290719
5519169331
921367950
1100118434
5359845448
6561615385
1192972267
1795686386
6028797415
1240972214
907345225
1472979703
5747695184
5145068232
1917701036
1906263651
7477338789
5382524885
6552501847
1823106046
5993470748
1148375989
7417223824
5746861747
5873967348
1294289283
6573334661
1760943918
5444038769
7680906187
1863408577
1359013770
6630743242
-1001901788425
1119536718
5465540047
6762602625
6500346029
6586119093
6386922466
6215472848
7271571990
1779241500
6966975511
5358997295
5444666614
5920566836
2062592526
6047507232
1157522438
